url_path,views_total,views_unique
/miroapp/app-examples,343,217
/miroapp/app-examples/tree/main/examples,123,51
/miroapp/app-examples/tree/main/examples/blob-maker,75,47
/miroapp/app-examples/tree/main/examples/drag-and-drop,53,33
/miroapp/app-examples/tree/main/examples/nextjs-full-stack,33,10
/miroapp/app-examples/tree/main/examples/github-appcards,27,8
/miroapp/app-examples/issues,21,15
/miroapp/app-examples/tree/main/examples/stickynotes-to-shapes,21,10
/miroapp/app-examples/tree/main/examples/calendar,17,9
/miroapp/app-examples/tree/main/examples/asset-search,17,6
